image: pcar_map5Flong.pgm
resolution: 0.050000
origin: [-20.505001, -51.224998, 0.000000]
negate: 0
occupied_thresh: 0.65
free_thresh: 0.196

